dID
[101194, 100988, 103365, 194670, 106026, 191559, 149288, 147368, 115528, 194838, 135884, 148195, 159788, 169099, 166327, 187515, 138279, 119582, 148724, 135887]
pID
[988501, 577932, 647886, 626298, 686070, 572427, 771538, 846250, 908881, 765418, 973106, 622021, 746074, 781578, 509430, 715010, 611269, 536518, 736331, 733015]
bID
[1363, 1722, 4001, 2271, 4637, 4161, 3726, 1327, 2787, 4951, 4029, 2459, 2997, 1135, 4705, 3717, 3326, 4247, 4378, 1693]
nID
[371336, 393725, 370900, 308214, 329681, 376103, 361476, 340491, 381895, 387698, 361790, 361261, 313457, 353433, 340665, 306215, 397330, 360177, 396140, 366503]
deID
[28, 16, 27, 8, 16, 1, 10, 16, 6, 11, 12, 13, 2, 26, 20, 18, 21, 1, 10, 2]
sID
[20288, 23969, 16121, 34350, 20993, 35174, 16755, 34830, 48243, 29076, 42274, 27990, 32795, 19193, 44753, 26815, 19518, 30682, 46309, 47622]
biID
[7734233, 8828727, 2168993, 2361353, 6514965, 1988859, 5338889, 8488882, 8241457, 8773728, 5641162, 3494757, 2655542, 6847589, 7724451, 6310602, 8356724, 4826310, 7464242, 8765727]
diaID
[6316346, 6845096, 6201147, 8546880, 8912611, 1134425, 5223415, 5598798, 2955375, 4916670, 3026491, 4138944, 5269326, 6788125, 8615361, 7408857, 1865361, 1455645, 2149199, 2270857]
